   1       0.000            0.000            0.000     
   2       0.001            0.001            0.000     
   4       0.001            0.001            0.001     
   8       0.002            0.002            0.002     
  16       0.005            0.004            0.004     
  32       0.011            0.009            0.007     
  64       0.022            0.021            0.015     
 128       0.044            0.041            0.029     
 256       0.095            0.089            0.063     
 512       0.193            0.190            0.128     
